50 0 0 1000 1000
1 1
999 999
500 500 499
86 86 85
86 912 85
912 86 85
912 914 85
44 207 43
207 44 43
207 956 43
956 207 43
956 793 43
43 790 42
790 43 42
790 957 42
26 273 25
26 724 25
273 26 25
273 973 25
724 26 25
724 974 25
973 273 25
973 726 25
18 315 17
315 18 17
315 982 17
982 315 17
17 679 16
679 17 16
679 983 16
981 685 16
16 984 15
156 984 15
984 16 15
984 156 15
984 844 15
984 984 15
15 15 14
15 155 14
15 839 14
155 15 14
839 15 14
839 985 14
93 813 13
96 184 13
184 96 13
184 903 13
812 94 13
812 906 13
903 184 13
903 816 13
13 344 12
